100
6
3410821
9971849
5388168
6716541
9999972
9999997
3949061
9999995
2196613
11
6463741
4936439
390548
4461642
9299449
6987083
4751053
4170220
3132736
140839
9999931
13
4125389
592432
5103067
2
3877633
1221469
3323191
10000000
6697461
8763892
1144
2360890
4461643
4461641
9999971
2872729
7783893
6865010
2610613
10
8460583
8248729
2044523
9987391
3910981
9999999
1403870
9999998
7
4572049
9999161
1281246
4
5
5462959
1
7762723
8
3191803
9999162
5094841
8873129
615403
4046177
3702389
6513281
12
9999929
86293
9325574
928009
9999930
7203246
9309119
9682616
9010879
2295773
9999163
1264969
6537523
6735763
1862603
2896297
9999973
1507483
9516811
9
8697851
3023326
9999991
3929879
559513
3855409
3
8184167
9999996
1750607
