120
4 3
5 3
3 3
6 3
1 1
138 6
1 100
999999999 2
1000000000 2
1000000000 100
102 99
6 2
96 99
999999999 100
999999999 99
2 99
3 99
3 1
4 6
1000000000 99
196 99
236088977 100
99 99
2 1
9 3
101 100
4 9
4 5
2 100
4 1
1 99
98 99
3 6
4 2
114382 1
1 2
3 2
3 7
198 100
3 100
1000000000 1
202 100
1 31
102 100
197 99
97 100
4 4
2 2
203 100
997184809 100
999999999 1
1000000000 94
4 7
1 73
999999999 3
128124448 100
3 5
200 100
1000000000 40
98 100
97 99
3 4
100 100
5 1
4 8
198 99
201 100
8 3
199 99
197 100
7 2
2 3
2 4
1 3
1000000000 3
7 3
103 100
195 99
100 99
5 2
417021999 1
2 5
200 99
201 99
1 10
99 100
146755893 1
101 99
199 100
558689828 44
411787879 54
412538846 2
692322617 52
524548163 21
800744567 72
140386937 94
670467508 92
197550894 70
59243198 88
313273513 69
968261572 81
142120133 69
198101484 78
538816732 85
313424185 10
783314473 84
396767469 94
273049978 17
894606664 83
27387596 54
289629644 32
186260212 39
876389147 87
671654092 96
417304805 46
443452894 88
829603365 4
593065517 43
345560726 67
670528042 10
